Python 3.10.6 (tags/v3.10.6:9c7b4bd, Aug  1 2022, 21:53:49) [MSC v.1932 64 bit (AMD64)] on win32
Type "help", "copyright", "credits" or "license()" for more information.

=========== RESTART: C:\Users\oduli\OneDrive\Desktop\code\ch1ex06.py ===========
This program illustrates a chaotic function
Enter a number between 0 and 1: 0.25
0.73125 0.73125 0.73125
0.76644140625 0.76644140625 0.7664414062500002
0.6981350104385375 0.6981350104385374 0.6981350104385373
0.8218958187902304 0.8218958187902304 0.8218958187902308
0.5708940191969317 0.5708940191969316 0.5708940191969307
0.9553987483642099 0.9553987483642099 0.9553987483642103
0.166186721954413 0.16618672195441295 0.16618672195441153
0.5404179120617926 0.5404179120617923 0.5404179120617887
0.9686289302998042 0.9686289302998042 0.9686289302998055
0.11850901017563877 0.11850901017563896 0.11850901017563409
0.4074120362630336 0.40741203626303407 0.4074120362630196
0.9415671289870646 0.9415671289870648 0.9415671289870544
0.214572035332672 0.2145720353326712 0.2145720353327074
0.6572704202448796 0.6572704202448778 0.6572704202449584
0.8785374581723959 0.878537458172398 0.8785374581722993
0.4161666317654883 0.4161666317654822 0.4161666317657735
0.9475906688447814 0.9475906688447774 0.9475906688449679
0.19368411333601687 0.19368411333603094 0.19368411333536573
0.6090652525513056 0.6090652525513391 0.6090652525497497
0.9286086056750876 0.9286086056750592 0.9286086056764111
0.25854918625090323 0.2585491862509983 0.2585491862464786
0.747635867705606 0.747635867705785 0.747635867697273
0.7358382604001973 0.7358382603998516 0.7358382604162932
0.7580832282324941 0.7580832282331301 0.7580832282028851
0.7152328844898681 0.7152328844885875 0.7152328845494722
0.7943317411932672 0.7943317411954173 0.7943317410932029
0.6371384218919443 0.6371384218870082 0.6371384221216707
0.9016529076398497 0.9016529076451297 0.901652907394116
0.3458322729593719 0.3458322729428301 0.34583227372922964
0.8823060165625929 0.8823060165427012 0.8823060174883532
0.4049842278301656 0.4049842278894823 0.4049842250695601
0.9397908118519834 0.9397908118959444 0.9397908098060351
0.2206777630612359 0.22067776291043387 0.22067777007959233
0.6707184430109472 0.6707184426823929 0.6707184583019346
0.8613353315420801 0.8613353319795843 0.8613353111805415
0.4658034348995627 0.46580343366649407 0.4658034922868386
0.9704393202477929 0.9704393199188927 0.9704393355548724
0.11187869926269879 0.11187870046957413 0.1118786430944918
0.387511238064543 0.3875112417181724 0.38751106802392576
0.9256504859090895 0.925650489114829 0.9256503367132403
0.2684044889968884 0.26840447835359665 0.26840498433803006
0.7658177252045096 0.7658177059779883 0.7658186200100743
0.6994296541716892 0.6994296940355393 0.699427798898165
0.8198884708441456 0.8198884088338755 0.819891356803869
0.5759183282618774 0.575918482985552 0.5759111273845008
0.952521988992295 0.9525218973705725 0.952526252882935
0.1763730129659832 0.17637333636053473 0.17635796276174664
0.5665357357268088 0.5665365520681948 0.5664977437558647
0.9577346838980398 0.9577342602316181 0.9577543952939795
0.15786794071137003 0.15786945333983177 0.15779756299726833
0.5184880506269934 0.5184920872638563 0.5183002192266267
0.9736669487376536 0.973666366563641 0.9736938977074039
0.09999452452688812 0.09999667542695391 0.09989495597159337
0.35098291640696583 0.3509896272889903 0.3506722195978045
0.8883962443099641 0.8884040444156514 0.8880347346005992
0.38667859388306725 0.38665496329810245 0.387773274499426
0.9249172097711567 0.9248963203546774 0.9258801321253334
0.2708369228771499 0.27090615610131596 0.2676418409375434
0.7701887079259878 0.770312441682129 0.7644377750767137
0.6902924422262124 0.6900316171001978 0.7022833861386615
0.8337762670831761 0.8341631395589068 0.8154175835998809
0.5405142737748792 0.5395064850245248 0.5869958170284475
0.9685985151199271 0.9689130267999273 0.9454837384962562
0.11862018334685781 0.1174702358595895 0.20102253106805668
0.40774279825350096 0.40431682023205945 0.6263886449770906
0.9418055740310326 0.9392944435270343 0.9127010506413342
0.2137505555449281 0.2223795283564658 0.3107435869182016
0.6554388966417345 0.6744148075252443 0.8353098394189055
0.8807711227021208 0.8563599521721348 0.5365125151965846
0.4095520732530493 0.479729579502708 0.9698006613126748
0.9430947729339951 0.9733975292061655 0.11422062065767635
0.20930138657442807 0.1009896394318408 0.3945796548495811
0.6454278329945545 0.35408385542114357 0.9316575482306295
0.8925179070229811 0.8919630671298447 0.24831986811653461
0.3741258013985637 0.3758233206240429 0.7279627337389738
0.91320717589314 0.9148625939667269 0.7723286689023894
0.30911333618262093 0.3037672096960748 0.685764674766026
0.8328928981490166 0.8248214988371892 0.840416793875383
0.5428110416115991 0.5635148761833314 0.5230539851456593
0.9678521373929067 0.9592668559633226 0.9729272036987247
0.1213460723938663 0.15238842455290233 0.10272545400664956
0.41582269212295053 0.5037481511992282 0.3594744469125314
0.9473653052704324 0.9749452103140921 0.8979850188248981
0.19447070619714207 0.09526548407884088 0.35727090668468753
0.6109422174504751 0.33614088932605346 0.8955507830934164
0.9269981151099689 0.8702857482116589 0.3648043541773216
0.26392317780088165 0.44026501221819464 0.9037163356672967
0.7576441626794268 0.9610837518153595 0.33935116922994535
0.7161159932051465 0.14586691786630052 0.8743486173716358
0.7928461221757169 0.48590006454009715 0.42846613942058376
0.6405404800339158 0.9742246480981036 0.955043336483358
0.8979686565401623 0.09793283423129635 0.16744869149616415
0.3573216988053114 0.34453377742181496 0.5436975461283077
0.8956073192359711 0.8807379891853538 0.9675530454032213
0.3646299109710208 0.40965047600526433 0.12243718396327585
0.9035322620855163 0.9431641577043063 0.41904064779103334
0.3399306824789701 0.20906156437230772 0.9494377748306275
0.8750734729945717 0.6448838240305935 0.1872221775656473
0.4263475704375821 0.8931338423836608 0.5934631317935757
0.953843746516257 0.37223854969336995 0.9409321076818131

=========== RESTART: C:\Users\oduli\OneDrive\Desktop\code\ch1ex06.py ===========
This program illustrates a chaotic function
Enter a number between 0 and 1: 0.26
0.75036 0.75036 0.75036
0.73054749456 0.7305474945599999 0.7305474945600001
0.7677066257332165 0.7677066257332166 0.7677066257332164
0.6954993339002887 0.6954993339002884 0.6954993339002891
0.8259420407337192 0.8259420407337198 0.8259420407337188
0.5606709657211202 0.5606709657211187 0.5606709657211213
0.9606442322820199 0.9606442322820206 0.9606442322820195
0.14744687593470315 0.1474468759347008 0.14744687593470474
0.49025454937601765 0.49025454937601126 0.49025454937602203
0.9746296021493285 0.974629602149328 0.9746296021493288
0.09643428897792364 0.09643428897792541 0.09643428897792239
0.3398253958602592 0.3398253958602648 0.3398253958602553
0.8749419751358415 0.8749419751358486 0.8749419751358367
0.4267322095968127 0.4267322095967919 0.42673220959682645
0.954064140468795 0.9540641404687832 0.9540641404688028
0.17092044972730433 0.17092044972734602 0.1709204497272765
0.5526559334100494 0.5526559334101564 0.552655933409978
0.964186675439194 0.96418667543915 0.9641866754392234
0.1346698483443626 0.1346698483445218 0.13466984834425588
0.454482133135949 0.4544821331364027 0.45448213313564484
0.9669196828049714 0.9669196828051325 0.9669196828048634
0.12474543825628899 0.12474543825570235 0.12474543825668238
0.425817654173088 0.4258176541713709 0.42581765417423945
0.9535382203137039 0.9535382203127105 0.9535382203143703
0.17278202258724476 0.1727820225907591 0.1727820225848875
0.5574207415058319 0.5574207415148015 0.5574207414998155
0.9621411479351896 0.9621411479311723 0.9621411479378843
0.14205968160206642 0.14205968161654728 0.1420596815923525
0.47532704101422507 0.4753270410546548 0.4753270409871045
0.9726258558700563 0.9726258558778371 0.9726258558648371
0.10383672141607724 0.10383672138739335 0.10383672143531797
0.36291316113638505 0.36291316104774973 0.3629131611958404
0.901708074580487 0.9017080744857112 0.9017080746440611
0.34565942898566787 0.34565942928263094 0.3456594287864694
0.8820980537419827 0.8820980540994835 0.8820980535021763
0.4056042015736967 0.4056042005082141 0.4056042022884072
0.9402487896338968 0.9402487888493956 0.940248790160129
0.21910591258096665 0.21910591527489748 0.2191059107739166
0.667284195446811 0.667284201349143 0.6672841914876115
0.8658623920194813 0.8658623843180195 0.8658623971855108
0.4529643694125551 0.4529643913904215 0.45296435467011875
0.9663718328754414 0.9663718409386335 0.9663718274667662
0.12673952265156538 0.1267394933200888 0.1267395423267046
0.431638802593513 0.4316387171969182 0.431638859876336
0.9567743120876903 0.9567742665527166 0.9567743426318719
0.16129318848558763 0.1612933507193883 0.16129307966156325
0.5275830137515873 0.5275834423590927 0.5275827262479222
0.9720327916742809 0.9720326994597281 0.9720328535296554
0.10602166997832116 0.1060220094989718 0.1060214422357384
0.3696461943459835 0.3696472377030098 0.3696454944857703
0.9087307528709082 0.908731813710023 0.9087300412793485
0.32346276946456415 0.32345938739912894 0.3234650380875501
0.8534549643160256 0.8534503071997858 0.8534580881680224
0.48777139398139246 0.48778423332747073 0.48776278164356546
0.9744167986598825 0.9744180226739491 0.974415976898898
0.09722193448230315 0.09721740507234736 0.09722497536595043
0.34230233675750543 0.3422881067710513 0.34231189017105895
0.8780126433306414 0.8779951390631486 0.8780243940724457
0.4177151217805069 0.41776673189406055 0.41768047419602494
0.9485938753839726 0.9486269895048051 0.9485716331184939
0.19017778637515673 0.19006191472263664 0.1902556108494884
0.6006397641839478 0.6003596948489472 0.600827812220128
0.9354993876734975 0.9357189334343221 0.9353516339033201
0.23532710501043405 0.2345811430827414 0.23582892394506727
0.7017982087655845 0.7002560385316695 0.7028332060463178
0.816182183462106 0.8186003242232497 0.8145488930473905
0.585112424758427 0.5791259502788765 0.589130076142379
0.9467479130917903 0.9505824275706125 0.9440177351547294
0.19662357837770772 0.1832043562618376 0.2061081783854517
0.6160547125342473 0.5835980284232407 0.6381476290335217
0.9224720844245136 0.9477443416106134 0.9005694071104242
0.2789176177398261 0.19314751776714545 0.34922218534009275
0.7843780629912488 0.6077820611753892 0.8863375973648924
0.6596035574284468 0.9296938064262601 0.39289871736305715
0.8756541473791195 0.25491660760375584 0.9302643295043346
0.42464745007178034 0.7407431100090396 0.253003166349123
0.9528557735553292 0.7489667444343843 0.7370710002491199
0.175194428594657 0.7332606846464014 0.755809629279439
0.5635552290577897 0.7627988666933392 0.7197895909148726
0.9592468581517063 0.7056533470923166 0.7866008893293444
0.15246006078336757 0.8100561332359358 0.6546537279189528
0.5039423635322677 0.6000742575468403 0.881720675319005
0.9749393853021399 0.9359420576081499 0.40672837153261066
0.09528706312641959 0.2338226373926528 0.9410715729598609
0.33620901103592915 0.6986834853780475 0.21627788335418519
0.8703727965432694 0.8210470032883217 0.6610568660514727
0.44001356716480017 0.5730224045503944 0.8738366750009441
0.9609663487152613 0.9542041408913462 0.42995994765453016
0.14628909887326838 0.1704245337489013 0.955868125163031
0.4870655338540504 0.5513820469769465 0.16451858459533808
0.9743475283835252 0.9647035524689895 0.5360636576805302
0.09747824703411882 0.13279737245853437 0.9699277091193359
0.3431073297181691 0.44913269827391034 0.11375499798722588
0.8790002910461632 0.9649088186989171 0.39317771383859323
0.41479923960900206 0.1320531821543119 0.9304970967990771
0.9466892386723034 0.4469990430252049 0.2522217736255077
0.19682802381199618 0.9640445043830481 0.7355632070853723
0.6165383361316157 0.13518452201237588 0.7585889043238505
0.9220333832255307 0.4559477013805792 0.7142139363863031
0.28036251142852797 0.967431640446747 0.7960383188857509
